              precision    recall  f1-score   support

          I1       0.74      0.66      0.70       135
          IF       0.59      0.64      0.62       354
         SI1       0.66      0.64      0.65      2582
         SI2       0.74      0.80      0.77      1901
         VS1       0.55      0.43      0.48      1632
         VS2       0.57      0.69      0.62      2495
        VVS1       0.54      0.46      0.50       687
        VVS2       0.55      0.49      0.51       998

    accuracy                           0.62     10784
   macro avg       0.62      0.60      0.61     10784
weighted avg       0.62      0.62      0.62     10784
